900 1000000000 10 688
122 517 57
745 798 63
587 662 44
174 714 96
561 585 52
157 656 75
191 263 81
127 775 59
14 717 45
365 719 59
270 486 61
436 466 81
106 799 58
696 724 74
125 195 53
91 282 98
44 198 94
474 895 79
529 817 62
133 528 94
93 367 80
110 865 53
146 248 70
218 753 99
217 465 57
148 233 63
158 736 81
778 806 93
758 867 58
522 870 92
278 813 86
215 746 95
125 570 83
49 753 76
476 567 46
345 711 56
344 392 92
95 136 53
511 598 57
229 538 90
464 655 96
702 748 88
179 269 86
223 747 54
91 457 64
70 795 88
339 430 81
674 860 91
666 893 74
416 547 85
29 366 49
651 789 76
597 757 79
119 531 68
470 566 79
220 439 57
329 533 69
193 324 84
231 816 71
14 206 85
265 866 71
662 673 80
64 771 68
177 302 93
52 419 98
391 495 74
485 558 67
665 761 71
221 360 62
430 629 99
295 884 82
755 874 51
608 810 75
397 683 68
473 516 76
723 840 63
312 567 75
95 512 56
34 314 86
167 403 45
407 674 42
779 800 89
94 96 65
312 424 67
507 512 68
163 873 97
453 576 71
408 484 93
191 259 63
62 314 52
58 867 69
167 878 79
214 356 86
400 774 82
166 339 77
357 765 90
18 655 92
349 591 87
106 410 95
394 401 82
32 659 89
96 641 41
179 194 94
474 678 89
273 491 79
422 479 46
602 750 59
486 620 65
120 284 46
6 64 52
117 152 55
709 764 75
368 402 57
556 607 47
413 855 99
84 650 87
241 549 72
477 823 86
162 845 77
84 476 49
348 756 73
343 571 74
282 476 92
455 702 74
508 608 96
517 877 51
363 766 59
486 514 68
466 678 58
241 827 80
90 816 66
26 873 59
342 786 82
31 65 62
8 22 64
618 785 65
635 660 64
281 472 58
150 233 98
441 613 79
97 250 46
555 877 66
738 899 58
200 249 54
29 467 68
475 627 84
201 747 83
781 794 87
117 783 67
111 124 90
96 136 73
436 727 89
183 769 77
219 464 49
257 886 71
381 489 99
442 554 72
421 667 40
528 831 63
712 771 66
198 280 63
293 761 69
535 768 87
94 115 77
21 87 82
435 658 54
188 600 82
104 344 45
618 849 92
77 189 76
200 536 50
31 48 73
567 898 51
122 769 78
229 590 94
250 893 50
241 335 62
65 900 70
210 890 46
15 603 58
280 453 64
219 850 83
248 588 53
281 638 65
211 362 68
127 485 94
267 559 96
251 360 67
569 792 72
46 476 75
29 456 73
101 192 69
497 503 92
256 513 91
254 892 40
770 899 71
332 735 85
756 809 87
302 310 79
86 445 55
110 677 93
328 743 58
642 889 84
13 460 74
40 246 69
705 877 40
51 868 93
61 195 61
436 483 78
255 540 98
553 769 51
318 439 45
329 571 75
267 584 88
217 406 61
111 446 81
77 543 68
179 608 60
25 824 71
214 830 79
456 898 54
233 548 88
273 777 99
24 585 71
472 531 76
105 604 92
159 694 43
353 480 95
85 622 49
59 426 85
153 460 79
789 875 90
262 605 77
157 539 64
73 349 68
368 551 65
719 734 99
361 863 63
201 259 86
133 596 95
719 842 84
587 889 62
790 885 77
4 850 67
718 874 55
193 308 56
99 850 45
276 805 63
8 68 98
518 614 95
63 373 47
618 670 41
212 324 52
586 684 83
28 623 70
38 869 90
520 569 69
46 469 55
39 893 45
441 678 40
42 390 59
245 646 52
181 262 73
148 900 83
93 400 51
769 886 83
241 855 71
270 614 58
305 786 91
378 417 79
365 461 67
383 783 71
3 646 65
358 373 54
60 489 64
329 472 54
1 814 99
296 501 88
219 844 60
683 699 46
744 834 62
626 755 74
351 392 63
248 311 56
324 866 58
590 708 47
405 644 91
437 784 68
310 450 70
630 813 44
617 632 83
442 765 45
497 889 74
352 833 41
224 467 45
722 772 81
803 828 53
764 889 84
202 852 75
471 671 49
552 691 82
283 763 50
472 845 48
374 826 91
252 321 95
563 850 47
61 650 94
232 297 66
585 823 99
120 618 72
360 777 72
275 855 90
353 679 79
194 526 85
379 546 84
349 384 57
84 535 52
643 784 95
445 545 90
348 515 85
168 565 72
152 527 50
17 186 48
125 828 52
365 589 43
431 811 56
442 834 56
145 349 52
401 826 40
620 782 50
361 596 47
388 870 94
493 835 97
298 352 76
359 650 62
181 284 67
269 745 88
155 602 93
177 534 70
381 482 54
340 352 79
117 614 80
511 715 58
346 584 87
86 408 51
109 422 76
277 844 69
391 473 84
444 560 90
681 741 43
339 684 88
192 479 78
203 606 80
118 160 89
289 832 79
15 602 83
142 585 60
571 741 54
489 523 72
230 270 83
228 853 61
194 846 83
234 787 49
544 559 43
178 440 79
243 593 92
162 892 55
177 798 73
56 337 53
176 398 42
105 410 67
653 856 95
225 763 77
679 808 61
662 815 42
535 770 56
357 757 92
688 708 84
127 283 97
264 750 77
405 667 88
484 882 66
268 721 72
819 834 93
27 608 97
110 833 53
325 463 52
144 167 65
141 455 69
67 701 62
795 826 86
631 827 40
730 773 78
681 786 76
187 282 66
163 349 42
50 770 91
319 693 82
671 830 50
37 664 66
21 584 54
188 650 43
97 706 78
585 638 62
150 450 67
136 469 69
139 648 68
439 884 41
69 872 79
174 180 62
458 685 84
335 649 63
350 375 91
832 875 99
339 374 94
433 679 68
771 870 64
594 887 98
160 561 91
759 800 69
378 726 76
556 596 47
65 561 75
90 353 50
277 788 52
481 718 89
25 821 63
357 840 50
712 782 86
300 495 90
18 778 60
633 892 82
477 614 64
382 831 94
361 675 53
14 888 87
216 291 42
809 859 80
500 660 58
446 591 74
471 811 41
68 653 76
347 596 78
269 382 80
204 478 58
639 720 67
275 660 76
154 730 46
355 616 92
174 484 62
445 540 98
134 444 45
237 412 45
356 431 70
467 556 74
764 854 45
591 829 40
44 192 72
384 710 61
98 469 71
541 758 82
560 719 41
544 704 68
235 348 54
4 171 93
156 345 40
285 688 60
249 473 89
346 720 85
163 823 87
18 404 42
308 491 58
217 475 75
608 666 71
89 520 88
416 823 40
199 819 88
743 768 54
26 131 41
111 476 46
29 430 68
228 781 96
517 576 48
460 586 88
262 817 75
363 371 59
457 573 75
481 523 90
402 720 56
118 708 50
608 861 97
472 702 63
601 652 65
561 716 92
520 748 65
27 874 46
110 894 72
6 681 97
58 538 57
228 506 52
119 379 43
108 468 63
303 747 67
494 610 69
330 856 46
188 610 77
75 561 63
176 530 99
125 899 57
696 780 43
667 677 48
299 662 68
351 844 78
652 726 82
776 859 49
124 706 46
31 810 82
8 691 95
114 496 72
75 527 69
165 660 86
112 837 41
484 878 77
117 403 41
336 893 64
341 609 55
391 891 85
769 851 43
100 615 76
267 898 44
364 856 95
48 188 55
338 852 78
184 688 60
684 872 91
485 527 54
222 455 87
553 842 57
332 488 69
369 603 80
486 522 62
439 606 46
30 257 59
396 826 99
559 611 69
18 331 42
15 564 62
80 813 87
162 312 51
486 726 93
583 639 84
100 510 86
335 377 43
341 660 86
109 256 48
178 564 70
536 889 56
201 400 44
149 850 57
135 145 58
662 734 67
115 391 86
274 653 84
392 402 51
628 652 90
225 597 47
444 866 68
293 857 49
393 454 64
315 780 69
131 272 91
310 761 75
290 838 68
27 99 90
130 578 96
96 805 56
111 549 93
361 478 52
68 493 63
453 765 80
140 438 84
55 714 72
69 682 59
291 888 51
779 781 69
266 733 68
672 832 48
636 708 53
136 486 66
661 750 97
38 710 67
246 261 84
430 602 44
396 558 99
125 136 40
375 496 60
865 885 50
721 882 48
312 514 62
784 833 45
7 505 88
251 424 67
550 841 46
116 779 75
339 707 42
503 571 77
450 571 64
141 403 91
391 896 87
118 669 73
577 891 87
94 460 44
85 268 50
26 716 82
113 386 69
311 663 73
366 661 96
721 797 63
53 358 59
376 378 54
177 326 63
44 385 61
527 813 45
133 669 89
284 839 49
193 700 85
130 375 60
308 672 89
158 865 44
551 602 48
693 759 65
294 613 78
508 764 83
27 41 53
348 751 79
487 781 68
582 779 66
89 289 88
486 759 91
5 150 68
170 589 94
549 610 69
696 855 72
382 817 72
251 637 65
465 633 51
131 193 74
381 864 41
374 390 66
98 220 45
438 465 53
64 336 94
482 766 73
427 830 52
10 873 86
105 110 91
212 307 59
237 469 88
343 500 65
143 745 80
95 673 67
528 705 42
599 715 75
192 587 63
162 292 82
234 370 97
533 847 78
228 423 55
612 833 84
790 833 65
586 748 77
41 296 81
143 205 55
568 678 86
8 546 87
538 642 47
645 709 55
436 827 87
285 443 88
237 658 73
18 550 66
263 802 83
62 175 97
693 827 77
508 524 41
432 690 84
260 703 43
117 132 84
597 864 98
137 390 63
510 848 94
458 667 60
482 740 72
364 533 86
206 385 77
816 849 64
310 541 82
528 652 59
49 809 65
245 302 87
417 575 70
226 706 45
89 293 49
545 766 40
333 625 67
150 699 88
286 590 82
170 295 78
200 646 59
277 886 99
45 396 48
52 54 58
197 570 71
375 517 55
389 635 72
56 279 71
761 812 91
235 378 64
380 771 78
309 318 93
86 669 43
185 877 95
91 698 78
24 575 76
132 883 64
252 342 77
683 768 62
636 894 87
622 798 49
68 861 49
272 896 64
582 626 41
99 695 65
84 432 69
61 592 72
562 817 54
454 757 65
336 810 40
226 531 75
648 882 98
477 696 76
257 548 65
463 569 64
658 715 50
118 861 61
510 705 78
383 637 88
194 584 99
701 850 42
322 467 80
163 258 57
552 881 81
504 868 67
352 456 99
160 380 52
213 513 69
279 684 56
493 646 67
535 793 63
565 587 66
667 738 42
309 610 60
39 538 44
364 392 63
463 522 57
618 651 86
246 329 86
844 863 99
282 348 91
759 855 40
134 155 45
129 178 62
89 390 43
716 808 46
230 642 53
221 828 79
310 648 61
210 408 86
222 574 89
229 544 53
172 253 97
405 442 48
136 693 66
239 385 48
10 424 67
475 891 81
182 237 55
398 665 51
631 841 68
353 547 50
580 713 47
119 848 46
31 32 44
258 770 72
45 616 54
37 439 78
90 585 89
468 562 53
385 634 61
347 855 65
341 389 95
94 266 45
205 591 48
457 703 96
515 703 59
584 704 76
329 584 40
424 610 77
221 301 66
235 625 64
477 672 54
373 743 69
412 761 99
526 873 85
839 896 76
684 740 72
360 600 78
565 706 52
171 477 40
87 115 44
578 765 89
560 737 68
568 666 80
549 648 90
684 786 60
544 742 65
252 390 41
162 546 57
586 588 79
67 320 88
356 809 53
264 711 55
52 343 81
208 418 49
639 687 70
739 848 44
260 852 99
584 681 97
97 495 89
282 740 67
170 188 55
75 620 48
297 603 45
314 802 83
389 625 74
809 899 56
231 400 84
278 631 80
37 727 55
57 590 67
223 802 71
102 364 96
750 880 46
539 691 54
43 789 41
23 513 68
289 632 41
490 598 56
58 64 97
440 583 72
717 774 58
418 683 79
163 898 93
172 856 60
24 523 63
407 735 65
478 784 41
119 255 79
207 649 66
397 872 73
270 460 98
160 745 68
324 641 45
89 555 70
492 687 79
446 536 78
259 845 73
287 533 97
351 683 72
278 522 70
557 582 72
66 249 91
618 860 69
38 167 58
339 742 89
21 158 98
14 151 41
452 580 51
276 832 42
219 259 60
172 401 74
345 841 50
34 378 60
206 728 83
407 649 57
738 833 66
29 90 97
151 632 98
42 653 89
355 365 83
403 471 41
22 446 71
11 443 74
20 389 94
510 675 94
94 588 99
297 408 91
153 791 79
114 347 57
341 487 71
557 660 83
540 711 59
21 361 58
252 298 83
193 573 54
70 354 54
115 323 69
180 812 57
273 802 47
207 879 90
615 870 63
808 812 99
534 686 96
40 405 69
264 783 91
310 441 64
348 462 60
589 797 67
189 681 93
72 663 68
5 445 93
449 888 64
317 493 55
349 567 56
262 469 78
74 538 51
291 820 99
755 825 80
592 878 99
437 803 87
197 535 96
526 604 46
385 644 80
20 533 58
113 366 75
213 589 68
722 863 61
65 320 92
586 829 55
336 733 40
168 208 54
507 564 42
292 895 59
526 794 79
360 563 74
226 520 48
755 873 79
727 846 97
682 769 84
684 804 47
144 826 87
157 639 47
374 587 40
408 533 59
700 850 77
231 422 56
677 853 69
265 514 53
431 792 84
230 674 59
452 682 52
27 455 51
733 852 44
284 666 90
247 300 46
489 593 81
561 630 72
254 549 49
603 663 52
120 595 68
81 167 83
56 92 72
810 853 75
133 285 51
243 739 54
341 470 82
616 709 49
226 668 43
177 217 85
67 165 93
125 616 74
2 512 47
32 419 82
160 322 43
195 345 72
9 738 97
109 667 47
371 668 68
112 665 89
95 145 62
121 185 41
503 512 85
166 808 41
794 870 56
150 655 76
288 898 62
86 565 87
496 869 77
711 774 50
221 820 80
9 283 85
696 767 69
77 821 99
385 754 69
414 718 94
267 550 70
42 169 41
369 878 62
413 560 85
93 347 76
416 464 76
112 461 89
330 688 97
114 633 75
46 299 56
120 290 51
155 538 90
608 842 75
291 601 75
146 713 73
91 549 79
671 896 96
212 596 74
214 825 49
213 630 46
175 575 73
33 576 68
410 624 53
653 675 65
711 778 60
100 849 66
288 388 48
267 771 52
52 706 98
16 193 91
380 793 79
350 471 91
498 535 80
116 309 69
8 870 95
574 787 47
603 822 77
340 547 74
156 409 86
6 813 69
549 622 87
196 737 85
49 679 62
194 658 41
435 782 90
239 529 77
346 393 63
686 895 68
133 869 89
259 696 41
63 710 76
408 843 45
173 189 80
393 880 46
190 732 44
634 810 49
137 226 92
306 523 90
10 650 82
656 752 84
180 297 99
479 644 68
66 664 45
43 574 46
151 790 62
779 855 92
559 596 83
573 813 87
73 152 61
8 24 90
426 649 53
688 844 75
362 813 73
386 871 58
167 261 74
247 543 78
21 778 54
45 424 48
666 699 83
121 318 94
482 683 77
57 788 50
168 268 43
406 428 66
441 821 98
85 791 93
279 406 42
150 173 51
245 667 83
143 374 78
149 776 66
549 735 45
211 293 62
41 758 78
500 889 62
69 286 42
157 600 52
28 273 75
313 557 69
607 728 47
63 386 82
75 551 73
492 511 96
230 858 95
289 847 93
507 529 96
600 729 97
295 889 68
371 742 95
587 677 99
326 374 51
146 467 56
785 870 79
98 458 78
95 678 62
115 493 91
286 373 83
322 395 63
226 587 63
422 506 71
208 411 47
14 51 74
189 462 97
534 625 48
23 718 69
163 522 64
86 754 56
744 792 65
543 827 84
132 312 60
446 556 75
6 419 73
42 631 84
8 665 49
423 583 64
66 525 79
721 855 91
367 855 40
103 841 54
195 343 63
309 589 40
51 88 89
364 810 77
91 676 44
360 527 87
42 535 76
126 647 86
779 872 40
104 586 83
174 356 93
118 525 50
259 387 66
62 589 95
182 585 74
189 894 44
177 473 94
236 509 77
192 329 84
561 795 60
549 876 87
548 645 54
479 587 72
176 401 57
353 856 49
551 839 77
216 589 41
855 857 82
179 446 93
152 545 58
488 850 77
363 892 91
538 842 61
94 498 81
230 821 93
449 567 49
389 611 83
105 685 49
466 618 88
158 304 66
600 869 46
452 667 42
256 853 72
46 687 64
234 677 63
120 634 46
468 500 97
332 797 69
17 36 64
305 812 56
289 400 78
514 560 56
256 436 75
328 451 75
664 786 86
323 461 74
214 291 74
491 686 97
54 398 89
57 875 71
379 766 40
333 460 72
379 489 85
184 465 77
164 843 44
17 696 62
12 91 73
428 510 99
407 808 90
229 644 99
318 559 46
295 309 92
113 879 97
416 605 49
398 463 56
115 217 84
406 450 50
40 884 42
45 839 56
238 727 93
657 751 53
424 486 47
302 807 90
416 811 43
169 769 53
561 574 50
767 788 71
538 818 74
15 39 62
677 689 89
13 356 58
633 685 54
122 866 55
10 121 86
143 755 81
231 569 69
276 415 46
80 744 78
118 676 45
283 749 53
58 427 40
141 855 92
310 682 86
181 404 98
407 829 45
487 888 63
20 576 90
236 320 86
380 452 82
220 900 47
359 502 81
227 456 62
237 829 56
255 310 61
125 304 57
440 863 46
170 770 52
691 771 86
44 234 61
241 588 74
508 896 43
161 643 98
518 586 41
74 195 69
70 837 90
389 555 44
708 816 49
213 724 42
288 517 49
79 611 53
806 860 79
359 360 77
701 716 68
545 598 84
594 827 47
213 509 88
87 323 63
84 506 81
470 866 65
163 469 52
83 613 83
679 765 64
58 241 50
119 890 69
180 339 57
707 853 47
866 894 67
399 732 49
282 330 94
75 234 84
136 399 66
348 705 89
464 715 77
349 550 95
72 186 95
159 425 83
502 828 82
205 308 74
282 454 46
364 838 55
377 507 43
200 763 58
59 896 83
312 546 94
403 792 64
347 653 68
137 736 98
258 777 82
282 521 74
315 697 62
98 363 66
184 789 40
410 566 94
38 661 42
111 778 43
492 494 90
212 416 84
81 522 92
83 236 44
105 780 54
267 843 48
290 726 52
479 736 84
87 772 95
106 771 83
573 683 98
722 766 53
183 826 92
162 804 94
230 335 50
632 757 96
227 716 64
191 277 87
77 145 72
19 62 47
598 620 97
150 682 49
576 632 63
515 655 66
194 580 92
562 874 61
530 637 70
183 296 49
142 405 69
92 353 72
44 585 62
102 267 45
508 806 69
169 494 68
316 729 56
70 190 87
227 589 57
462 843 55
321 616 97
182 856 92
558 741 68
560 652 87
72 868 73
103 419 46
87 458 93
166 805 65
290 602 51
58 698 45
422 434 64
80 892 97
272 741 92
225 393 67
110 210 78
84 477 61
228 872 54
254 642 98
429 631 80
266 587 89
194 721 98
292 856 68
729 849 69
48 315 45
76 89 61
766 816 74
266 610 74
126 876 56
781 815 64
422 548 43
355 500 85
392 677 93
333 359 69
183 625 62
353 368 72
703 770 64
488 859 76
877 886 80
731 837 83
457 542 43
145 385 73
93 510 91
47 262 52
119 778 71
382 659 92
153 389 46
140 800 48
61 408 96
116 452 57
358 624 94
394 539 64
367 748 77
253 625 48
70 731 42
741 745 48
277 472 40
513 574 73
175 260 47
300 577 65
694 776 55
50 878 68
393 405 58
513 760 66
188 279 75
97 650 93
158 659 86
133 140 65
463 578 56
630 732 87
11 692 45
481 703 85
440 609 96
391 849 89
145 310 75
120 291 62
213 353 85
18 650 69
407 479 72
254 860 51
237 681 72
356 559 66
225 472 79
485 789 58
125 624 92
459 757 44
797 885 48
471 529 40
11 91 83
106 335 43
327 669 55
129 269 97
166 293 61
846 871 53
421 880 92
161 652 97
275 715 57
535 616 61
149 325 42
349 428 55
132 269 74
707 886 45
6 228 71
18 360 55
234 622 52
373 448 42
381 457 87
213 570 70
429 739 61
603 833 84
413 661 42
230 492 69
112 889 86
521 568 67
256 787 79
87 895 51
713 834 88
118 562 99
303 813 46
108 776 97
416 771 50
198 473 41
111 702 62
193 465 89
400 724 48
203 804 91
135 445 46
78 632 44
169 687 45
243 785 51
296 390 99
417 436 91
206 865 64
49 644 41
